(function(name,data){
 if(typeof onTileMapLoaded === 'undefined') {
  if(typeof TileMaps === 'undefined') TileMaps = {};
  TileMaps[name] = data;
 } else {
  onTileMapLoaded(name,data);
 }
 if(typeof module === 'object' && module && module.exports) {
  module.exports = data;
 }})("TD_lvl_1_pathfinding",
{ "compressionlevel":-1,
 "height":12,
 "infinite":false,
 "layers":[
        {
         "data":[130, 130, 130, 130, 130, 130, 130, 130, 130, 130, 130, 130, 130, 130, 130, 130, 130, 130, 130, 130,
            130, 130, 130, 130, 130, 130, 130, 130, 130, 130, 130, 130, 130, 130, 130, 130, 130, 130, 130, 130,
            130, 130, 130, 130, 130, 130, 130, 130, 130, 130, 130, 130, 130, 130, 130, 130, 130, 130, 130, 130,
            130, 130, 130, 130, 130, 130, 130, 130, 130, 130, 130, 130, 130, 130, 130, 130, 130, 130, 130, 130,
            130, 130, 130, 130, 130, 130, 130, 130, 130, 130, 130, 130, 130, 130, 130, 130, 130, 130, 130, 130,
            130, 130, 130, 130, 130, 130, 130, 130, 130, 130, 130, 130, 130, 130, 130, 130, 130, 130, 130, 130,
            130, 130, 130, 130, 130, 130, 130, 130, 130, 130, 130, 130, 130, 130, 130, 130, 130, 130, 130, 130,
            130, 130, 130, 130, 130, 130, 130, 130, 130, 130, 130, 130, 130, 130, 130, 130, 130, 130, 130, 130,
            130, 130, 130, 130, 130, 130, 130, 130, 130, 130, 130, 130, 130, 130, 130, 130, 130, 130, 130, 130,
            130, 130, 130, 130, 130, 130, 130, 130, 130, 130, 130, 130, 130, 130, 130, 130, 130, 130, 130, 130,
            130, 130, 130, 130, 130, 130, 130, 130, 130, 130, 130, 130, 130, 130, 130, 130, 130, 130, 130, 130,
            130, 130, 130, 130, 130, 130, 130, 130, 130, 130, 130, 130, 130, 130, 130, 130, 130, 130, 130, 130],
         "height":12,
         "id":1,
         "name":"1-grass-background",
         "opacity":1,
         "type":"tilelayer",
         "visible":true,
         "width":20,
         "x":0,
         "y":0
        }, 
        {
         "data":[25, 25, 25, 25, 25, 25, 25, 25, 25, 25, 25, 25, 25, 25, 25, 25, 25, 25, 25, 25,
            25, 25, 4, 48, 48, 48, 48, 48, 48, 48, 48, 5, 25, 25, 25, 25, 25, 25, 25, 25,
            25, 25, 26, 1, 2, 2, 2, 2, 2, 2, 3, 24, 25, 25, 25, 25, 25, 25, 25, 25,
            25, 25, 26, 24, 25, 25, 25, 25, 25, 25, 26, 24, 25, 25, 25, 25, 25, 25, 25, 25,
            25, 25, 26, 24, 25, 25, 25, 25, 25, 25, 26, 24, 25, 25, 25, 4, 48, 48, 48, 48,
            25, 25, 26, 24, 25, 25, 25, 4, 48, 48, 49, 24, 25, 25, 25, 26, 1, 2, 2, 2,
            25, 25, 26, 24, 25, 25, 25, 26, 1, 2, 2, 28, 25, 25, 25, 26, 24, 25, 25, 25,
            48, 48, 49, 24, 25, 25, 25, 26, 24, 25, 25, 25, 25, 25, 25, 26, 24, 25, 25, 25,
            2, 2, 2, 28, 25, 25, 25, 26, 24, 131, 0, 0, 0, 0, 25, 26, 24, 25, 25, 25,
            25, 25, 25, 25, 25, 25, 25, 26, 47, 48, 48, 48, 48, 48, 48, 49, 24, 25, 25, 25,
            25, 25, 25, 25, 25, 25, 25, 27, 2, 2, 2, 2, 2, 2, 2, 2, 28, 25, 25, 25,
            25, 25, 25, 25, 25, 25, 25, 25, 25, 25, 25, 25, 25, 25, 25, 25, 25, 25, 25, 25],
         "height":12,
         "id":2,
         "name":"2-path",
         "opacity":1,
         "type":"tilelayer",
         "visible":true,
         "width":20,
         "x":0,
         "y":0
        }, 
        {
         "data":[0, 0, 0, 0, 0, 0, 0, 0, 0, 20, 0, 0, 0, 0, 0, 0, 165, 141, 189, 189,
            0, 134, 0, 0, 0, 0, 0, 0, 0, 0, 0, 0, 0, 0, 0, 0, 0, 165, 140, 140,
            0, 0, 0, 0, 0, 0, 0, 0, 0, 0, 0, 0, 0, 0, 0, 0, 0, 131, 0, 0,
            0, 0, 0, 0, 0, 137, 0, 0, 0, 0, 0, 0, 0, 0, 0, 0, 0, 0, 0, 0,
            0, 0, 0, 0, 0, 131, 137, 0, 0, 0, 0, 0, 0, 0, 0, 0, 0, 0, 0, 0,
            0, 0, 0, 0, 0, 0, 133, 0, 0, 0, 0, 0, 0, 0, 0, 0, 0, 0, 0, 0,
            0, 0, 0, 0, 0, 0, 0, 0, 0, 0, 0, 0, 0, 0, 0, 0, 0, 0, 0, 0,
            0, 0, 0, 0, 0, 0, 0, 0, 0, 0, 0, 0, 137, 0, 0, 0, 0, 0, 0, 0,
            0, 0, 0, 0, 0, 0, 0, 0, 0, 0, 25, 25, 21, 25, 0, 0, 0, 0, 0, 0,
            0, 0, 0, 0, 0, 22, 0, 0, 0, 0, 0, 0, 0, 0, 0, 0, 0, 0, 0, 0,
            0, 0, 0, 0, 0, 0, 0, 0, 0, 0, 0, 0, 0, 0, 0, 0, 0, 0, 0, 0,
            0, 0, 0, 0, 0, 137, 0, 0, 0, 0, 0, 0, 0, 22, 0, 0, 0, 0, 0, 0],
         "height":12,
         "id":3,
         "name":"3-details-1",
         "opacity":1,
         "type":"tilelayer",
         "visible":true,
         "width":20,
         "x":0,
         "y":0
        }, 
        {
         "data":[0, 0, 0, 0, 0, 137, 136, 0, 0, 0, 0, 0, 0, 0, 0, 138, 0, 0, 0, 0,
            137, 131, 0, 0, 0, 0, 0, 0, 0, 0, 0, 0, 0, 22, 0, 0, 132, 0, 0, 137,
            132, 0, 0, 0, 0, 0, 0, 0, 0, 0, 0, 0, 0, 0, 0, 0, 0, 0, 0, 0,
            0, 0, 0, 0, 0, 0, 0, 0, 0, 0, 0, 0, 136, 0, 0, 0, 0, 0, 0, 0,
            0, 0, 0, 0, 0, 0, 0, 0, 0, 0, 0, 0, 0, 0, 0, 0, 0, 0, 0, 0,
            22, 0, 0, 0, 0, 0, 0, 0, 0, 0, 0, 0, 0, 133, 0, 0, 0, 0, 0, 0,
            0, 0, 0, 0, 0, 0, 0, 0, 0, 0, 0, 0, 0, 0, 0, 0, 0, 0, 0, 0,
            0, 0, 0, 0, 0, 0, 0, 0, 0, 0, 0, 0, 0, 0, 0, 0, 0, 0, 21, 0,
            0, 0, 0, 0, 0, 0, 0, 0, 0, 0, 0, 0, 0, 0, 0, 0, 0, 138, 0, 131,
            0, 0, 0, 0, 0, 0, 0, 0, 0, 0, 0, 0, 0, 0, 0, 0, 0, 0, 0, 0,
            0, 131, 0, 0, 0, 136, 0, 0, 0, 0, 0, 0, 0, 0, 0, 0, 0, 0, 133, 0,
            0, 0, 21, 0, 136, 0, 0, 0, 0, 0, 0, 0, 0, 0, 0, 0, 0, 0, 0, 0],
         "height":12,
         "id":4,
         "name":"4-details-2",
         "opacity":1,
         "type":"tilelayer",
         "visible":true,
         "width":20,
         "x":0,
         "y":0
        }, 
        {
         "draworder":"topdown",
         "id":7,
         "name":"Object Layer 1",
         "objects":[
                {
                 "height":0,
                 "id":9,
                 "name":"",
                 "polyline":[
                        {
                         "x":0,
                         "y":0
                        }, 
                        {
                         "x":-114,
                         "y":510
                        }, 
                        {
                         "x":190,
                         "y":511
                        }, 
                        {
                         "x":190,
                         "y":127
                        }, 
                        {
                         "x":702,
                         "y":127
                        }, 
                        {
                         "x":703,
                         "y":382
                        }, 
                        {
                         "x":511,
                         "y":384
                        }, 
                        {
                         "x":510,
                         "y":639
                        }, 
                        {
                         "x":1022,
                         "y":639
                        }, 
                        {
                         "x":1023,
                         "y":320
                        }, 
                        {
                         "x":1390,
                         "y":319
                        }],
                 "rotation":0,
                 "type":"",
                 "visible":true,
                 "width":0,
                 "x":1.33333333333333,
                 "y":0
                }],
         "opacity":1,
         "type":"objectgroup",
         "visible":true,
         "x":0,
         "y":0
        }],
 "nextlayerid":8,
 "nextobjectid":10,
 "orientation":"orthogonal",
 "renderorder":"right-down",
 "tiledversion":"1.11.1",
 "tileheight":64,
 "tilesets":[
        {
         "firstgid":1,
         "source":"..\/Desktop\/towerDefense_tilesheet.tsx"
        }],
 "tilewidth":64,
 "type":"map",
 "version":"1.10",
 "width":20
});